\begin{tikzpicture}[scale=1.5]
\begin{axis}[grid]
\addplot[smooth, blue] plot coordinates{
(-0.911296, 0.09) (-0.906815, 0.18) (-0.899295, 0.27) (-0.888658, 0.36) (-0.874786, 0.45) (-0.85752, 0.54) (-0.836645, 0.63) (-0.811876, 0.72) (-0.782836, 0.81) (-0.749021, 0.9) (-0.709737, 0.99) (-0.664002, 1.08) (-0.610348, 1.17) (-0.546428, 1.26) (-0.468025, 1.35) (-0.3659, 1.44) (-0.207489, 1.53) };
\addplot[smooth, blue] plot coordinates{
(-0.493297, 2.97) (-0.834928, 3.06) (-0.987656, 3.15) (-1.0768, 3.24) (-1.13182, 3.33) (-1.16465, 3.42) (-1.18128, 3.51) (-1.18508, 3.6) (-1.17804, 3.69) (-1.16134, 3.78) (-1.1356, 3.87) (-1.10105, 3.96) (-1.0575, 4.05) (-1.00438, 4.14) (-0.940586, 4.23) (-0.864217, 4.32) (-0.771986, 4.41) (-0.657683, 4.5) (-0.507062, 4.59) (-0.264721, 4.68) };
\addplot[smooth, blue] plot coordinates{
(-0.551097, 7.92) (-0.760249, 8.01) (-0.859608, 8.1) (-0.903411, 8.19) (-0.909716, 8.28) (-0.886034, 8.37) (-0.83479, 8.46) (-0.754402, 8.55) (-0.637504, 8.64) (-0.460791, 8.73) };
\end{axis}
\end{tikzpicture}
